0,1
0,2
0,3
0,4
0,5
0,6
0,7
0,8
0,9
0,10
0,11
0,12
0,13
0,14
0,15
0,16
0,17
0,18
0,19
0,20
0,21
0,22
0,23
0,24
0,25
0,26
1,26
2,26
3,26
4,26
5,26
6,26
7,26
8,26
9,26
10,26
11,26
12,26
13,26
14,26
15,26
16,26
17,26
18,26
19,26
20,26
21,26
22,26
23,26
24,26
25,26
26,26
27,26
28,26
29,26
30,26
31,26
32,26
33,26
34,26
35,26
36,26
37,26
38,26
39,26
40,26
41,26
42,26
43,26
44,26
45,26
46,26
47,26
48,26
49,26
50,19
40,19
41,19
42,19
43,19
44,19
45,19
46,19
47,19
48,19
49,19
50,19
35,22
36,22
37,22
38,22
### Boss
6,5,6,6,6,6
16,5,6,6,6,6
### Henchman
5,10,6,6,6,6
15,15,6,6,6,6
### Brute
5,20,6,6,6,6
### Gunman
10,20,6,6,6,6
### Platform
15,20,6,6,6,6
### Ladder
20,20,6,6,6,6
### Door
25,20,6,6,6,6
