0,9
1,9
2,9
3,9
4,9
5,9
6,9
7,9
8,9
9,9
10,9
11,9
12,9
13,9
14,9
15,9
16,9
17,9
18,9
19,9
20,9
21,9
22,9
23,9
24,9
25,9
26,9
27,9
28,9
29,9
30,9
31,9
32,9
33,9
34,9
35,9
36,9
37,9
38,9
39,9
0,30
1,30
2,30
3,30
4,30
5,30
6,30
7,30
8,30
9,30
10,30
11,30
12,30
13,30
14,30
15,30
16,30
17,30
18,30
19,30
20,30
21,30
22,30
23,30
24,30
25,30
26,30
27,30
28,30
29,30
30,30
31,30
32,30
33,30
34,30
35,30
36,30
37,30
38,30
39,30
0,0
0,1
0,2
0,3
0,4
0,5
0,6
0,7
0,8
0,9
0,10
0,11
0,12
0,13
0,14
0,15
0,16
0,17
0,18
0,19
0,20
0,21
0,22
0,23
0,24
0,25
0,26
0,27
0,28
0,29
39,0
39,1
39,2
39,3
39,4
39,5
39,6
39,7
39,8
39,9
39,10
39,11
39,12
39,13
39,14
39,15
39,16
39,17
39,18
39,19
39,20
39,21
39,22
39,23
39,24
39,25
39,26
39,27
39,28
39,29
16,17
16,18
17,17
17,18
18,17
18,18
19,17
19,18
20,17
20,18
21,17
21,18
22,17
22,18
23,17
23,18
16,21
16,22
17,21
17,22
18,21
18,22
19,21
19,22
20,21
20,22
21,21
21,22
22,21
22,22
23,21
23,22
16,25
16,26
17,25
17,26
18,25
18,26
19,25
19,26
20,25
20,26
21,25
21,26
22,25
22,26
23,25
23,26
###
###
###
###
###
###
###
